PERIODO,PAGO,INTERES,ABONO,CAPITAL PAGADO,SALDO INSOLUTO
0,0.00,0.00,0.00,0.00,510000.00
1,5245.92,5100.00,145.92,145.92,509854.08
2,5245.92,5098.54,147.38,293.31,509706.69
3,5245.92,5097.07,148.86,442.17,509557.83
4,5245.92,5095.58,150.35,592.51,509407.49
5,5245.92,5094.07,151.85,744.36,509255.64
6,5245.92,5092.56,153.37,897.73,509102.27
7,5245.92,5091.02,154.90,1052.63,508947.37
8,5245.92,5089.47,156.45,1209.08,508790.92
9,5245.92,5087.91,158.02,1367.10,508632.90
10,5245.92,5086.33,159.60,1526.69,508473.31
11,5245.92,5084.73,161.19,1687.88,508312.12
12,5245.92,5083.12,162.80,1850.68,508149.32
13,5245.92,5081.49,164.43,2015.12,507984.88
14,5245.92,5079.85,166.08,2181.19,507818.81
15,5245.92,5078.19,167.74,2348.93,507651.07
16,5245.92,5076.51,169.41,2518.34,507481.66
17,5245.92,5074.82,171.11,2689.45,507310.55
18,5245.92,5073.11,172.82,2862.27,507137.73
19,5245.92,5071.38,174.55,3036.81,506963.19
20,5245.92,5069.63,176.29,3213.11,506786.89
21,5245.92,5067.87,178.06,3391.16,506608.84
22,5245.92,5066.09,179.84,3571.00,506429.00
23,5245.92,5064.29,181.63,3752.63,506247.37
24,5245.92,5062.47,183.45,3936.08,506063.92
25,5245.92,5060.64,185.29,4121.37,505878.63
26,5245.92,5058.79,187.14,4308.51,505691.49
27,5245.92,5056.91,189.01,4497.51,505502.49
28,5245.92,5055.02,190.90,4688.41,505311.59
29,5245.92,5053.12,192.81,4881.22,505118.78
30,5245.92,5051.19,194.74,5075.96,504924.04
31,5245.92,5049.24,196.68,5272.64,504727.36
32,5245.92,5047.27,198.65,5471.29,504528.71
33,5245.92,5045.29,200.64,5671.93,504328.07
34,5245.92,5043.28,202.64,5874.57,504125.43
35,5245.92,5041.25,204.67,6079.24,503920.76
36,5245.92,5039.21,206.72,6285.96,503714.04
37,5245.92,5037.14,208.78,6494.74,503505.26
38,5245.92,5035.05,210.87,6705.62,503294.38
39,5245.92,5032.94,212.98,6918.60,503081.40
40,5245.92,5030.81,215.11,7133.71,502866.29
41,5245.92,5028.66,217.26,7350.97,502649.03
42,5245.92,5026.49,219.43,7570.40,502429.60
43,5245.92,5024.30,221.63,7792.03,502207.97
44,5245.92,5022.08,223.84,8015.88,501984.12
45,5245.92,5019.84,226.08,8241.96,501758.04
46,5245.92,5017.58,228.34,8470.30,501529.70
47,5245.92,5015.30,230.63,8700.93,501299.07
48,5245.92,5012.99,232.93,8933.86,501066.14
49,5245.92,5010.66,235.26,9169.13,500830.87
50,5245.92,5008.31,237.62,9406.74,500593.26
51,5245.92,5005.93,239.99,9646.73,500353.27
52,5245.92,5003.53,242.39,9889.12,500110.88
53,5245.92,5001.11,244.82,10133.94,499866.06
54,5245.92,4998.66,247.26,10381.20,499618.80
55,5245.92,4996.19,249.74,10630.94,499369.06
56,5245.92,4993.69,252.23,10883.17,499116.83
57,5245.92,4991.17,254.76,11137.93,498862.07
58,5245.92,4988.62,257.30,11395.23,498604.77
59,5245.92,4986.05,259.88,11655.11,498344.89
60,5245.92,4983.45,262.48,11917.58,498082.42
61,5245.92,4980.82,265.10,12182.68,497817.32
62,5245.92,4978.17,267.75,12450.44,497549.56
63,5245.92,4975.50,270.43,12720.86,497279.14
64,5245.92,4972.79,273.13,12994.00,497006.00
65,5245.92,4970.06,275.86,13269.86,496730.14
66,5245.92,4967.30,278.62,13548.48,496451.52
67,5245.92,4964.52,281.41,13829.89,496170.11
68,5245.92,4961.70,284.22,14114.12,495885.88
69,5245.92,4958.86,287.07,14401.18,495598.82
70,5245.92,4955.99,289.94,14691.12,495308.88
71,5245.92,4953.09,292.84,14983.95,495016.05
72,5245.92,4950.16,295.76,15279.72,494720.28
73,5245.92,4947.20,298.72,15578.44,494421.56
74,5245.92,4944.22,301.71,15880.15,494119.85
75,5245.92,4941.20,304.73,16184.87,493815.13
76,5245.92,4938.15,307.77,16492.65,493507.35
77,5245.92,4935.07,310.85,16803.50,493196.50
78,5245.92,4931.97,313.96,17117.46,492882.54
79,5245.92,4928.83,317.10,17434.56,492565.44
80,5245.92,4925.65,320.27,17754.82,492245.18
81,5245.92,4922.45,323.47,18078.30,491921.70
82,5245.92,4919.22,326.71,18405.00,491595.00
83,5245.92,4915.95,329.97,18734.98,491265.02
84,5245.92,4912.65,333.27,19068.25,490931.75
85,5245.92,4909.32,336.61,19404.86,490595.14
86,5245.92,4905.95,339.97,19744.83,490255.17
87,5245.92,4902.55,343.37,20088.21,489911.79
88,5245.92,4899.12,346.81,20435.01,489564.99
89,5245.92,4895.65,350.27,20785.29,489214.71
90,5245.92,4892.15,353.78,21139.06,488860.94
91,5245.92,4888.61,357.31,21496.38,488503.62
92,5245.92,4885.04,360.89,21857.27,488142.73
93,5245.92,4881.43,364.50,22221.76,487778.24
94,5245.92,4877.78,368.14,22589.90,487410.10
95,5245.92,4874.10,371.82,22961.73,487038.27
96,5245.92,4870.38,375.54,23337.27,486662.73
97,5245.92,4866.63,379.30,23716.57,486283.43
98,5245.92,4862.83,383.09,24099.66,485900.34
99,5245.92,4859.00,386.92,24486.58,485513.42
100,5245.92,4855.13,390.79,24877.37,485122.63
101,5245.92,4851.23,394.70,25272.06,484727.94
102,5245.92,4847.28,398.64,25670.71,484329.29
103,5245.92,4843.29,402.63,26073.34,483926.66
104,5245.92,4839.27,406.66,26480.00,483520.00
105,5245.92,4835.20,410.72,26890.72,483109.28
106,5245.92,4831.09,414.83,27305.55,482694.45
107,5245.92,4826.94,418.98,27724.53,482275.47
108,5245.92,4822.75,423.17,28147.70,481852.30
109,5245.92,4818.52,427.40,28575.11,481424.89
110,5245.92,4814.25,431.68,29006.78,480993.22
111,5245.92,4809.93,435.99,29442.77,480557.23
112,5245.92,4805.57,440.35,29883.12,480116.88
113,5245.92,4801.17,444.76,30327.88,479672.12
114,5245.92,4796.72,449.20,30777.08,479222.92
115,5245.92,4792.23,453.70,31230.78,478769.22
116,5245.92,4787.69,458.23,31689.01,478310.99
117,5245.92,4783.11,462.81,32151.82,477848.18
118,5245.92,4778.48,467.44,32619.27,477380.73
119,5245.92,4773.81,472.12,33091.38,476908.62
120,5245.92,4769.09,476.84,33568.22,476431.78
121,5245.92,4764.32,481.61,34049.83,475950.17
122,5245.92,4759.50,486.42,34536.25,475463.75
123,5245.92,4754.64,491.29,35027.54,474972.46
124,5245.92,4749.72,496.20,35523.74,474476.26
125,5245.92,4744.76,501.16,36024.90,473975.10
126,5245.92,4739.75,506.17,36531.07,473468.93
127,5245.92,4734.69,511.23,37042.31,472957.69
128,5245.92,4729.58,516.35,37558.65,472441.35
129,5245.92,4724.41,521.51,38080.17,471919.83
130,5245.92,4719.20,526.73,38606.89,471393.11
131,5245.92,4713.93,531.99,39138.88,470861.12
132,5245.92,4708.61,537.31,39676.20,470323.80
133,5245.92,4703.24,542.69,40218.88,469781.12
134,5245.92,4697.81,548.11,40767.00,469233.00
135,5245.92,4692.33,553.59,41320.59,468679.41
136,5245.92,4686.79,559.13,41879.72,468120.28
137,5245.92,4681.20,564.72,42444.44,467555.56
138,5245.92,4675.56,570.37,43014.81,466985.19
139,5245.92,4669.85,576.07,43590.88,466409.12
140,5245.92,4664.09,581.83,44172.72,465827.28
141,5245.92,4658.27,587.65,44760.37,465239.63
142,5245.92,4652.40,593.53,45353.90,464646.10
143,5245.92,4646.46,599.46,45953.36,464046.64
144,5245.92,4640.47,605.46,46558.82,463441.18
145,5245.92,4634.41,611.51,47170.33,462829.67
146,5245.92,4628.30,617.63,47787.96,462212.04
147,5245.92,4622.12,623.80,48411.76,461588.24
148,5245.92,4615.88,630.04,49041.80,460958.20
149,5245.92,4609.58,636.34,49678.14,460321.86
150,5245.92,4603.22,642.71,50320.85,459679.15
151,5245.92,4596.79,649.13,50969.98,459030.02
152,5245.92,4590.30,655.62,51625.61,458374.39
153,5245.92,4583.74,662.18,52287.79,457712.21
154,5245.92,4577.12,668.80,52956.59,457043.41
155,5245.92,4570.43,675.49,53632.08,456367.92
156,5245.92,4563.68,682.25,54314.32,455685.68
157,5245.92,4556.86,689.07,55003.39,454996.61
158,5245.92,4549.97,695.96,55699.35,454300.65
159,5245.92,4543.01,702.92,56402.27,453597.73
160,5245.92,4535.98,709.95,57112.22,452887.78
161,5245.92,4528.88,717.05,57829.26,452170.74
162,5245.92,4521.71,724.22,58553.48,451446.52
163,5245.92,4514.47,731.46,59284.94,450715.06
164,5245.92,4507.15,738.77,60023.71,449976.29
165,5245.92,4499.76,746.16,60769.87,449230.13
166,5245.92,4492.30,753.62,61523.50,448476.50
167,5245.92,4484.77,761.16,62284.65,447715.35
168,5245.92,4477.15,768.77,63053.43,446946.57
169,5245.92,4469.47,776.46,63829.88,446170.12
170,5245.92,4461.70,784.22,64614.11,445385.89
171,5245.92,4453.86,792.07,65406.17,444593.83
172,5245.92,4445.94,799.99,66206.16,443793.84
173,5245.92,4437.94,807.99,67014.14,442985.86
174,5245.92,4429.86,816.07,67830.21,442169.79
175,5245.92,4421.70,824.23,68654.44,441345.56
176,5245.92,4413.46,832.47,69486.90,440513.10
177,5245.92,4405.13,840.79,70327.70,439672.30
178,5245.92,4396.72,849.20,71176.90,438823.10
179,5245.92,4388.23,857.69,72034.59,437965.41
180,5245.92,4379.65,866.27,72900.86,437099.14
181,5245.92,4370.99,874.93,73775.80,436224.20
182,5245.92,4362.24,883.68,74659.48,435340.52
183,5245.92,4353.41,892.52,75552.00,434448.00
184,5245.92,4344.48,901.44,76453.44,433546.56
185,5245.92,4335.47,910.46,77363.90,432636.10
186,5245.92,4326.36,919.56,78283.46,431716.54
187,5245.92,4317.17,928.76,79212.22,430787.78
188,5245.92,4307.88,938.05,80150.27,429849.73
189,5245.92,4298.50,947.43,81097.70,428902.30
190,5245.92,4289.02,956.90,82054.60,427945.40
191,5245.92,4279.45,966.47,83021.07,426978.93
192,5245.92,4269.79,976.13,83997.20,426002.80
193,5245.92,4260.03,985.90,84983.10,425016.90
194,5245.92,4250.17,995.76,85978.85,424021.15
195,5245.92,4240.21,1005.71,86984.57,423015.43
196,5245.92,4230.15,1015.77,88000.34,421999.66
197,5245.92,4220.00,1025.93,89026.26,420973.74
198,5245.92,4209.74,1036.19,90062.45,419937.55
199,5245.92,4199.38,1046.55,91109.00,418891.00
200,5245.92,4188.91,1057.01,92166.01,417833.99
201,5245.92,4178.34,1067.58,93233.60,416766.40
202,5245.92,4167.66,1078.26,94311.86,415688.14
203,5245.92,4156.88,1089.04,95400.90,414599.10
204,5245.92,4145.99,1099.93,96500.83,413499.17
205,5245.92,4134.99,1110.93,97611.77,412388.23
206,5245.92,4123.88,1122.04,98733.81,411266.19
207,5245.92,4112.66,1133.26,99867.07,410132.93
208,5245.92,4101.33,1144.59,101011.67,408988.33
209,5245.92,4089.88,1156.04,102167.71,407832.29
210,5245.92,4078.32,1167.60,103335.31,406664.69
211,5245.92,4066.65,1179.28,104514.59,405485.41
212,5245.92,4054.85,1191.07,105705.66,404294.34
213,5245.92,4042.94,1202.98,106908.64,403091.36
214,5245.92,4030.91,1215.01,108123.65,401876.35
215,5245.92,4018.76,1227.16,109350.81,400649.19
216,5245.92,4006.49,1239.43,110590.24,399409.76
217,5245.92,3994.10,1251.83,111842.07,398157.93
218,5245.92,3981.58,1264.34,113106.41,396893.59
219,5245.92,3968.94,1276.99,114383.40,395616.60
220,5245.92,3956.17,1289.76,115673.16,394326.84
221,5245.92,3943.27,1302.66,116975.81,393024.19
222,5245.92,3930.24,1315.68,118291.50,391708.50
223,5245.92,3917.09,1328.84,119620.34,390379.66
224,5245.92,3903.80,1342.13,120962.46,389037.54
225,5245.92,3890.38,1355.55,122318.01,387681.99
226,5245.92,3876.82,1369.10,123687.12,386312.88
227,5245.92,3863.13,1382.80,125069.91,384930.09
228,5245.92,3849.30,1396.62,126466.53,383533.47
229,5245.92,3835.33,1410.59,127877.12,382122.88
230,5245.92,3821.23,1424.70,129301.82,380698.18
231,5245.92,3806.98,1438.94,130740.76,379259.24
232,5245.92,3792.59,1453.33,132194.09,377805.91
233,5245.92,3778.06,1467.87,133661.96,376338.04
234,5245.92,3763.38,1482.54,135144.50,374855.50
235,5245.92,3748.55,1497.37,136641.87,373358.13
236,5245.92,3733.58,1512.34,138154.22,371845.78
237,5245.92,3718.46,1527.47,139681.68,370318.32
238,5245.92,3703.18,1542.74,141224.42,368775.58
239,5245.92,3687.76,1558.17,142782.59,367217.41
240,5245.92,3672.17,1573.75,144356.34,365643.66
241,5245.92,3656.44,1589.49,145945.83,364054.17
242,5245.92,3640.54,1605.38,147551.21,362448.79
243,5245.92,3624.49,1621.44,149172.65,360827.35
244,5245.92,3608.27,1637.65,150810.30,359189.70
245,5245.92,3591.90,1654.03,152464.33,357535.67
246,5245.92,3575.36,1670.57,154134.89,355865.11
247,5245.92,3558.65,1687.27,155822.17,354177.83
248,5245.92,3541.78,1704.15,157526.31,352473.69
249,5245.92,3524.74,1721.19,159247.50,350752.50
250,5245.92,3507.52,1738.40,160985.90,349014.10
251,5245.92,3490.14,1755.78,162741.68,347258.32
252,5245.92,3472.58,1773.34,164515.02,345484.98
253,5245.92,3454.85,1791.07,166306.10,343693.90
254,5245.92,3436.94,1808.99,168115.08,341884.92
255,5245.92,3418.85,1827.08,169942.16,340057.84
256,5245.92,3400.58,1845.35,171787.50,338212.50
257,5245.92,3382.12,1863.80,173651.30,336348.70
258,5245.92,3363.49,1882.44,175533.74,334466.26
259,5245.92,3344.66,1901.26,177435.00,332565.00
260,5245.92,3325.65,1920.27,179355.28,330644.72
261,5245.92,3306.45,1939.48,181294.75,328705.25
262,5245.92,3287.05,1958.87,183253.63,326746.37
263,5245.92,3267.46,1978.46,185232.09,324767.91
264,5245.92,3247.68,1998.25,187230.33,322769.67
265,5245.92,3227.70,2018.23,189248.56,320751.44
266,5245.92,3207.51,2038.41,191286.97,318713.03
267,5245.92,3187.13,2058.79,193345.76,316654.24
268,5245.92,3166.54,2079.38,195425.14,314574.86
269,5245.92,3145.75,2100.18,197525.32,312474.68
270,5245.92,3124.75,2121.18,199646.50,310353.50
271,5245.92,3103.54,2142.39,201788.89,308211.11
272,5245.92,3082.11,2163.81,203952.70,306047.30
273,5245.92,3060.47,2185.45,206138.15,303861.85
274,5245.92,3038.62,2207.31,208345.46,301654.54
275,5245.92,3016.55,2229.38,210574.84,299425.16
276,5245.92,2994.25,2251.67,212826.51,297173.49
277,5245.92,2971.73,2274.19,215100.70,294899.30
278,5245.92,2948.99,2296.93,217397.63,292602.37
279,5245.92,2926.02,2319.90,219717.53,290282.47
280,5245.92,2902.82,2343.10,222060.63,287939.37
281,5245.92,2879.39,2366.53,224427.16,285572.84
282,5245.92,2855.73,2390.20,226817.36,283182.64
283,5245.92,2831.83,2414.10,229231.45,280768.55
284,5245.92,2807.69,2438.24,231669.69,278330.31
285,5245.92,2783.30,2462.62,234132.31,275867.69
286,5245.92,2758.68,2487.25,236619.56,273380.44
287,5245.92,2733.80,2512.12,239131.68,270868.32
288,5245.92,2708.68,2537.24,241668.92,268331.08
289,5245.92,2683.31,2562.61,244231.53,265768.47
290,5245.92,2657.68,2588.24,246819.77,263180.23
291,5245.92,2631.80,2614.12,249433.90,260566.10
292,5245.92,2605.66,2640.26,252074.16,257925.84
293,5245.92,2579.26,2666.67,254740.83,255259.17
294,5245.92,2552.59,2693.33,257434.16,252565.84
295,5245.92,2525.66,2720.27,260154.42,249845.58
296,5245.92,2498.46,2747.47,262901.89,247098.11
297,5245.92,2470.98,2774.94,265676.84,244323.16
298,5245.92,2443.23,2802.69,268479.53,241520.47
299,5245.92,2415.20,2830.72,271310.25,238689.75
300,5245.92,2386.90,2859.03,274169.27,235830.73
301,5245.92,2358.31,2887.62,277056.89,232943.11
302,5245.92,2329.43,2916.49,279973.38,230026.62
303,5245.92,2300.27,2945.66,282919.04,227080.96
304,5245.92,2270.81,2975.11,285894.16,224105.84
305,5245.92,2241.06,3004.87,288899.02,221100.98
306,5245.92,2211.01,3034.91,291933.94,218066.06
307,5245.92,2180.66,3065.26,294999.20,215000.80
308,5245.92,2150.01,3095.92,298095.12,211904.88
309,5245.92,2119.05,3126.88,301221.99,208778.01
310,5245.92,2087.78,3158.14,304380.14,205619.86
311,5245.92,2056.20,3189.73,307569.86,202430.14
312,5245.92,2024.30,3221.62,310791.49,199208.51
313,5245.92,1992.09,3253.84,314045.32,195954.68
314,5245.92,1959.55,3286.38,317331.70,192668.30
315,5245.92,1926.68,3319.24,320650.94,189349.06
316,5245.92,1893.49,3352.43,324003.38,185996.62
317,5245.92,1859.97,3385.96,327389.33,182610.67
318,5245.92,1826.11,3419.82,330809.15,179190.85
319,5245.92,1791.91,3454.02,334263.17,175736.83
320,5245.92,1757.37,3488.56,337751.72,172248.28
321,5245.92,1722.48,3523.44,341275.17,168724.83
322,5245.92,1687.25,3558.68,344833.84,165166.16
323,5245.92,1651.66,3594.26,348428.10,161571.90
324,5245.92,1615.72,3630.21,352058.31,157941.69
325,5245.92,1579.42,3666.51,355724.82,154275.18
326,5245.92,1542.75,3703.17,359427.99,150572.01
327,5245.92,1505.72,3740.20,363168.19,146831.81
328,5245.92,1468.32,3777.61,366945.80,143054.20
329,5245.92,1430.54,3815.38,370761.18,139238.82
330,5245.92,1392.39,3853.54,374614.72,135385.28
331,5245.92,1353.85,3892.07,378506.79,131493.21
332,5245.92,1314.93,3930.99,382437.78,127562.22
333,5245.92,1275.62,3970.30,386408.08,123591.92
334,5245.92,1235.92,4010.01,390418.09,119581.91
335,5245.92,1195.82,4050.11,394468.19,115531.81
336,5245.92,1155.32,4090.61,398558.80,111441.20
337,5245.92,1114.41,4131.51,402690.31,107309.69
338,5245.92,1073.10,4172.83,406863.14,103136.86
339,5245.92,1031.37,4214.56,411077.69,98922.31
340,5245.92,989.22,4256.70,415334.40,94665.60
341,5245.92,946.66,4299.27,419633.66,90366.34
342,5245.92,903.66,4342.26,423975.93,86024.07
343,5245.92,860.24,4385.68,428361.61,81638.39
344,5245.92,816.38,4429.54,432791.15,77208.85
345,5245.92,772.09,4473.84,437264.98,72735.02
346,5245.92,727.35,4518.57,441783.56,68216.44
347,5245.92,682.16,4563.76,446347.32,63652.68
348,5245.92,636.53,4609.40,450956.72,59043.28
349,5245.92,590.43,4655.49,455612.21,54387.79
350,5245.92,543.88,4702.05,460314.25,49685.75
351,5245.92,496.86,4749.07,465063.32,44936.68
352,5245.92,449.37,4796.56,469859.88,40140.12
353,5245.92,401.40,4844.52,474704.40,35295.60
354,5245.92,352.96,4892.97,479597.37,30402.63
355,5245.92,304.03,4941.90,484539.27,25460.73
356,5245.92,254.61,4991.32,489530.58,20469.42
357,5245.92,204.69,5041.23,494571.81,15428.19
358,5245.92,154.28,5091.64,499663.46,10336.54
359,5245.92,103.37,5142.56,504806.02,5193.98
360,5245.92,51.94,5193.98,510000.00,0.00
