PERIODO,PAGO,INTERES,ABONO,CAPITAL PAGADO,SALDO INSOLUTO
0,0.00,0.00,0.00,0.00,1000.00
1,88.85,10.00,78.85,78.85,921.15
2,88.85,9.21,79.64,158.49,841.51
3,88.85,8.42,80.43,238.92,761.08
4,88.85,7.61,81.24,320.16,679.84
5,88.85,6.80,82.05,402.21,597.79
6,88.85,5.98,82.87,485.08,514.92
7,88.85,5.15,83.70,568.78,431.22
8,88.85,4.31,84.54,653.32,346.68
9,88.85,3.47,85.38,738.70,261.30
10,88.85,2.61,86.24,824.93,175.07
11,88.85,1.75,87.10,912.03,87.97
12,88.85,0.88,87.97,1000.00,0.00
